
SDAT;
163;
67999999;
272000;
00000000000000000000000000000000;
00000000100000000000000002095500;
00000000000000000000000002194750;
00000000100000000000000004201000;
00000000000000000000000004205000;
00000000100000000000000004707500;
00000000000000000000000004712500;
00000000100000000000000005213250;
00000000000000000000000005217750;
00000000100000000000000005719500;
00000000000000000000000005724250;
00000000100000000000000006226000;
00000000000000000000000006230750;
00000000100000000000000006732750;
00000000000000000000000006737000;
00000000100000000000000007239000;
00000000000000000000000007243500;
00000000100000000000000007745750;
00000000000000000000000007749750;
00000000100000000000000008252500;
00000000000000000000000008257250;
00000000100000000000000008759250;
00000000000000000000000008763750;
00000000100000000000000009266000;
00000000000000000000000009270000;
00000000100000000000000009772250;
00000000000000000000000009776500;
00000000100000000000000010278250;
00000000000000000000000010282750;
00000000100000000000000010784250;
00000000000000000000000010789250;
00000000100000000000000011291000;
00000000000000000000000011294750;
00000000100000000000000011797500;
00000000000000000000000011802000;
00000000100000000000000012304000;
00000000000000000000000012308500;
00000000100000000000000012810500;
00000000000000000000000012814750;
00000000100000000000000013317250;
00000000000000000000000013322250;
00000000100000000000000013824000;
00000000000000000000000013828750;
00000000100000000000000016340250;
00000000000000000000000016350500;
00000000100000000000000016851750;
00000000000000000000000016862000;
00000000100000000000000017363750;
00000000000000000000000017373500;
00000000100000000000000017875500;
00000000000000000000000017885000;
00000000100000000000000018386750;
00000000000000000000000018396500;
00000000100000000000000018898500;
00000000000000000000000018908000;
00000000100000000000000019409750;
00000000000000000000000019419500;
00000000100000000000000019921000;
00000000000000000000000019931000;
00000000100000000000000020432500;
00000000000000000000000020441500;
00000000100000000000000020944000;
00000000000000000000000020953000;
00000000100000000000000021455750;
00000000000000000000000021464500;
00000000100000000000000021967500;
00000000000000000000000021976000;
00000000100000000000000022479250;
00000000000000000000000022487750;
00000000100000000000000022991000;
00000000000000000000000022999250;
00000000100000000000000023502750;
00000000000000000000000023511750;
00000000100000000000000024014250;
00000000000000000000000024023250;
00000000100000000000000024525750;
00000000000000000000000024534750;
00000000100000000000000025037250;
00000000000000000000000025046250;
00000000100000000000000025549000;
00000000000000000000000025558750;
00000000100000000000000026060250;
00000000000000000000000026070250;
00000000100000000000000028578000;
00000000000000000000000028597250;
00000000100000000000000029099500;
00000000000000000000000029118000;
00000000100000000000000029620500;
00000000000000000000000029640750;
00000000100000000000000030141500;
00000000000000000000000030161500;
00000000100000000000000030663250;
00000000000000000000000030683250;
00000000100000000000000031184500;
00000000000000000000000031204000;
00000000100000000000000031705750;
00000000000000000000000031724750;
00000000100000000000000032227500;
00000000000000000000000032247500;
00000000100000000000000032749500;
00000000000000000000000032769250;
00000000100000000000000033271500;
00000000000000000000000033290000;
00000000100000000000000033793250;
00000000000000000000000033812000;
00000000100000000000000034315000;
00000000000000000000000034333750;
00000000100000000000000034836750;
00000000000000000000000034856500;
00000000100000000000000035358750;
00000000000000000000000035378250;
00000000100000000000000035880000;
00000000000000000000000035899000;
00000000100000000000000036402000;
00000000000000000000000036420750;
00000000100000000000000036924000;
00000000000000000000000036943500;
00000000100000000000000037445750;
00000000000000000000000037465250;
00000000100000000000000037967500;
00000000000000000000000037987000;
00000000100000000000000038489250;
00000000000000000000000038507750;
00000000110000000000000041020500;
00000000000000000000000041029500;
00000000110000000000000041532000;
00000000000000000000000041541000;
00000000110000000000000042043250;
00000000000000000000000042051500;
00000000110000000000000042553750;
00000000000000000000000042562000;
00000000110000000000000043065250;
00000000000000000000000043073500;
00000000110000000000000043576250;
00000000000000000000000043585250;
00000000110000000000000044088000;
00000000000000000000000044096750;
00000000110000000000000044599500;
00000000000000000000000044609250;
00000000110000000000000045111250;
00000000000000000000000045120750;
00000000110000000000000045622500;
00000000000000000000000045632250;
00000000110000000000000046133500;
00000000000000000000000046143750;
00000000110000000000000046645250;
00000000000000000000000046655250;
00000000110000000000000047157000;
00000000000000000000000047166750;
00000000110000000000000047668750;
00000000000000000000000047678250;
00000000110000000000000048179750;
00000000000000000000000048189750;
00000000110000000000000048691500;
00000000000000000000000048701500;
00000000110000000000000049203250;
00000000000000000000000049213000;
00000000110000000000000049715000;
00000000000000000000000049724500;
00000000110000000000000050225750;
00000000000000000000000050236000;
00000000110000000000000050737750;
00000000000000000000000050747500;
EDAT;
                                                                         